18125073
03052000
18125077
02012000
18125084
22042000
18125085
11042000
18125086
25102000
18125087
01022000
18125090
11092000
18125094
08032000
18125096
11042000
18125102
06042000
18125103
23032000
18125104
16062000
18125105
01012000
18125107
04042000
18125108
25092000
18125111
19072000
18125113
29122000
18125119
14092000
18125123
01052000
18125124
13112000
18125127
23032000
18125131
16062000
18125135
01012000
18125138
04042000
18125140
25092000
18125141
19072000
18125142
29122000
18125144
14092000
18125145
06052000
18125146
13122000
18125147
07072000
18125148
16082000
18125149
09062000
18125150
02032000
18125151
25122000
18125152
07112000
18125153
20012000
18125154
09012000
18125155
06052000
18125156
13012000
18125555
123456
